sq2 = 2.0**0.5/2
sq3 = 3.0**0.5/3
additional_planes = np.array([
       [sq2, sq2, 0, 0, -0.5],
       [sq2, -sq2, 0, 0, -0.5],
       [-sq2, sq2, 0, 0, -0.5],
       [-sq2, -sq2, 0, 0, -0.5],
       [sq2, 0, sq2, 0, -0.5],
       [sq2, 0, -sq2, 0, -0.5],
       [0, sq2, sq2, 0, -0.5],
       [0, sq2, -sq2, 0, -0.5],
       [0, 0, 1, 0, -0.5]])

init_dirs = np.array([[ 0.19513799,  0.04852424,  0.50102249, -0.92401444],
       [-0.43058614, -0.03520425,  0.97108372,  0.10846866],
       [ 0.7951132 ,  0.04667846,  0.49375375,  0.1318213 ],
       [ 0.18759519, -0.00903436,  0.64310916,  0.74035368],
       [ 0.03487429,  0.70399772,  0.05198095, -0.99370252],
       [-0.5494701 ,  0.54887494,  0.03666848,  0.15273015],
       [ 0.68903764,  0.77504131, -0.28160344,  0.13155559],
       [ 0.04697135,  0.55203615, -0.06335876,  0.60559722],
       [-0.05584308, -0.49118422,  0.10191521, -0.89127722],
       [-0.61455157, -0.87421589,  0.26005607,  0.07459274],
       [ 0.54496532, -0.68483062, -0.1739526 ,  0.02944516],
       [ 0.05829677, -0.80176295, -0.02764329,  0.58391659],
       [ 0.02432353,  0.01449053, -0.59830188, -0.89331604],
       [-0.91163393, -0.0643281 , -0.52684123,  0.11510661],
       [ 0.54610654, -0.15463617, -0.93462573, -0.01437311],
       [-0.23325503, -0.06152799, -0.70973577,  0.63278239]])
        

center0 = np.array([-0.0267613 ,  0.02484484, -0.00340973,  0.23542887])
