sq2 = 2.0**0.5/2
sq3 = 3.0**0.5/3
additional_planes = np.array([
       [sq2, sq2, 0, 0, -0.5],
       [sq2, -sq2, 0, 0, -0.5],
       [-sq2, sq2, 0, 0, -0.5],
       [-sq2, -sq2, 0, 0, -0.5],
       [sq2, 0, sq2, 0, -0.5],
       [-sq2, 0, sq2, 0, -0.5],
       [0, sq2, sq2, 0, -0.5],
       [0, -sq2, sq2, 0, -0.5]])

init_dirs = np.array([[-0.32519578,  0.38531563,  0.16023801, -0.75398437],
       [-1.04914972,  0.59658747, -0.10198407,  0.31422744],
       [ 0.01069626,  0.57754146,  0.69928983,  0.05930455],
       [-0.28085223,  0.46764301,  0.31811831,  0.85161701],
       [ 0.11456685,  0.4528829 , -0.15275436, -1.02051734],
       [ 0.00375855,  0.40289794, -0.70278672,  0.10844163],
       [ 0.88535412,  0.54750854,  0.14197276,  0.01058215],
       [ 0.57991218,  0.5176142 , -0.27217745,  0.54907025],
       [-0.38981221, -0.32039439,  0.25133746, -0.81379962],
       [-1.12771691, -0.83480416, -0.20782334,  0.35399245],
       [ 0.08368514, -0.49999139,  0.68583159,  0.10213901],
       [-0.3095385 , -0.42559455,  0.47879299,  0.74341436],
       [ 0.2554828 , -0.40864817, -0.1848631 , -0.84385581],
       [ 0.04521661, -0.55140367, -0.71429255,  0.01475462],
       [ 0.88090572, -0.46004083,  0.17128076, -0.10205415],
       [ 0.52546651, -0.56419929, -0.29899662,  0.54384726]])

center0 = np.array([-0.0315506,  -0.01198425, -0.04682216,  0.25361501])    

