sq2 = 2.0**0.5/2
sq3 = 3.0**0.5/3
additional_planes = np.array([
       [sq2, sq2, 0, 0, -0.5],
       [sq2, -sq2, 0, 0, -0.5],
       [-sq2, sq2, 0, 0, -0.5],
       [-sq2, -sq2, 0, 0, -0.5],
       [sq2, 0, sq2, 0, -0.5],
       [-sq2, 0, sq2, 0, -0.5],
       [0, sq2, sq2, 0, -0.5],
       [0, sq2, -sq2, 0, -0.5]])

init_dirs = np.array([[-4.92580894e-01, -4.80704697e-01,  -5.47272877e-02, -6.76061056e-01],
       [-2.90401746e-01, -9.08269028e-01,  3.93632813e-01, 5.89720388e-01],
       [-3.70627094e-01, -1.91431263e-01, -6.31310573e-01, 3.39411390e-01],
       [-2.14293045e-01, -2.77678633e-01, -2.15455680e-01, 8.36577345e-01],
       [-6.19377524e-01,  8.74114390e-02,  6.12632616e-02, -8.71795860e-01],
       [-3.13567755e-01,  1.92645957e-01,  6.50037502e-01,  2.50507271e-01],
       [-5.67136276e-01,  8.81140428e-01, -2.26973441e-01,  1.95902946e-01],
       [-4.08292316e-01,  5.60922913e-01,  2.56308483e-01,  7.80209406e-01],
       [ 8.97089567e-02, -5.64046062e-01, -9.73850142e-02,  -8.66143875e-01],
       [ 1.26517373e+00, -8.35400476e-01,  5.02416665e-01,  -8.62774294e-02],
       [ 4.36214456e-01, -5.91784990e-02, -8.07057527e-01,   3.55663512e-02],
       [ 6.65232030e-01, -3.66861910e-01, -2.90356360e-01,   5.29170780e-01],
       [ 5.69253146e-04,  1.12726572e-01,  6.59652205e-03,  -1.15263145e+00],
       [ 5.40054951e-01,  1.70693049e-01,  5.37004876e-01,  -1.34866078e-01],
       [ 2.48615018e-01,  8.60511471e-01, -4.31742251e-01,  -2.03803233e-01],
       [ 6.30946815e-01,  6.64473695e-01,  1.94364447e-01,   1.81243176e-01]])

center0 = np.array([-0.02396985, -0.01391907, -0.00661467,  0.24924659])    

