sq2 = 2.0**0.5/2
sq3 = 3.0**0.5/3
additional_planes = np.array([
       [sq2, sq2, 0, 0, -0.5],
       [sq2, -sq2, 0, 0, -0.5],
       [-sq2, sq2, 0, 0, -0.5],
       [-sq2, -sq2, 0, 0, -0.5],
       [sq2, 0, sq2, 0, -0.5],
       [-sq2, 0, sq2, 0, -0.5],
       [0, -sq2, -sq2, 0, -0.5],
       [0, sq2, -sq2, 0, -0.5]])

init_dirs = np.array([[-0.51325542, -0.45719982, -0.09044869, -0.67137816],
       [-0.29119184, -0.88079064,  0.38085758,  0.59708016],
       [-0.36452177, -0.18993301, -0.64577372,  0.35103019],
       [-0.23197958, -0.29682974, -0.21836431,  0.82958459],
       [-0.64996744,  0.0851506 ,  0.08472224, -0.89628553],
       [-0.34177376,  0.1600419 ,  0.63961512,  0.24998316],
       [-0.53421794,  0.80192969, -0.23104585,  0.15819535],
       [-0.38489528,  0.53703784,  0.21467055,  0.79008025],
       [ 0.08105763, -0.56321328, -0.05976826, -0.86316951],
       [ 1.32304705, -0.91657841,  0.43210102, -0.03816402],
       [ 0.4459797 , -0.04880159, -0.77812386,  0.02047154],
       [ 0.67879906, -0.3489542 , -0.27286628,  0.53504347],
       [-0.03863154,  0.16249373,  0.04940856, -1.15305766],
       [ 0.49283102,  0.17548581,  0.51763431, -0.13314271],
       [ 0.2527673 ,  0.8765542 , -0.4157111 , -0.21100259],
       [ 0.64927064,  0.68806139,  0.20528011,  0.20801688]])

center0 = np.array([-0.01947541, -0.02446504, -0.00961048,  0.2363508 ])    

